Algoritma MDP

15 Dataset
Rute 0
[[0, 3], [3, 5], [5, 15], [15, 4], [4, 14], [14, 7], [7, 13], [13, 11], [11, 0]] -> 13103.0
Rute 1
[[0, 8], [8, 9], [9, 1], [1, 2], [2, 12], [12, 6], [6, 0]] -> 10566.0
Rute 2
[[0, 10], [10, 0]] -> 3271.0
Total Distace : 26940.0
40.0539128780365

25 Dataset
Rute 0
[[0, 15], [15, 7], [7, 5], [5, 13], [13, 6], [6, 22], [22, 12], [12, 0]] -> 15312.0
Rute 1
[[0, 1], [1, 3], [3, 17], [17, 4], [4, 8], [8, 2], [2, 24], [24, 0]] -> 10121.0
Rute 2
[[0, 9], [9, 19], [19, 20], [20, 23], [23, 21], [21, 11], [11, 0]] -> 9606.0
Rute 3
[[0, 10], [10, 16], [16, 18], [18, 14], [14, 25], [25, 0]] -> 12097.0
Total Distace : 47136.0
52.32035279273987

35 Dataset
Rute 0
[[0, 29], [29, 1], [1, 5], [5, 15], [15, 2], [2, 19], [19, 0]] -> 33483.0
Rute 1
[[0, 25], [25, 6], [6, 16], [16, 24], [24, 0]] -> 11539.0
Rute 2
[[0, 23], [23, 14], [14, 18], [18, 17], [17, 28], [28, 32], [32, 0]] -> 38947.0
Rute 3
[[0, 22], [22, 31], [31, 20], [20, 26], [26, 3], [3, 35], [35, 8], [8, 7], [7, 0]] -> 42947.0
Rute 4
[[0, 11], [11, 13], [13, 33], [33, 27], [27, 10], [10, 12], [12, 21], [21, 0]] -> 30209.0
Rute 5
[[0, 4], [4, 30], [30, 9], [9, 34], [34, 0]] -> 40954.0
Total Distace : 198079.0
61.60172200202942

50 Dataset
Rute 0
[[0, 10], [10, 18], [18, 11], [11, 4], [4, 9], [9, 5], [5, 0]] -> 16772.0
Rute 1
[[0, 23], [23, 19], [19, 8], [8, 17], [17, 2], [2, 14], [14, 0]] -> 17196.0
Rute 2
[[0, 36], [36, 15], [15, 35], [35, 34], [34, 38], [38, 48], [48, 0]] -> 42350.0
Rute 3
[[0, 1], [1, 24], [24, 41], [41, 42], [42, 7], [7, 0]] -> 35687.0
Rute 4
[[0, 20], [20, 47], [47, 28], [28, 31], [31, 16], [16, 22], [22, 0]] -> 45221.0
Rute 5
[[0, 50], [50, 30], [30, 40], [40, 37], [37, 43], [43, 0]] -> 38406.0
Rute 6
[[0, 44], [44, 13], [13, 29], [29, 27], [27, 33], [33, 32], [32, 12], [12, 0]] -> 51312.0
Rute 7
[[0, 3], [3, 6], [6, 49], [49, 21], [21, 45], [45, 46], [46, 25], [25, 0]] -> 26080.0
Rute 8
[[0, 39], [39, 26], [26, 0]] -> 9922.0
Total Distace : 282946.0
88.31348633766174



