Algoritma MDP

15 Dataset
EEpisode : 300
Hack : 0 True
Rute 0 : [[0, 9], [9, 5], [5, 15], [15, 14], [14, 13], [13, 7], [7, 6], [6, 0]]
Rute 1 : [[0, 8], [8, 4], [4, 3], [3, 1], [1, 2], [2, 12], [12, 11], [11, 0]]
Rute 2 : [[0, 10], [10, 0]]
Total Distace : 20887.0
-------------------------
Time : 42.55353045463562

25 Dataset
Episode : 300
Hack : 0 True
Rute 0 : [[0, 5], [5, 15], [15, 14], [14, 13], [13, 7], [7, 25], [25, 6], [6, 12], [12, 0]]
Rute 1 : [[0, 17], [17, 16], [16, 4], [4, 8], [8, 18], [18, 19], [19, 0]]
Rute 2 : [[0, 3], [3, 20], [20, 1], [1, 2], [2, 24], [24, 9], [9, 0]]
Rute 3 : [[0, 10], [10, 23], [23, 22], [22, 21], [21, 11], [11, 0]]
Total Distace : 38009.0
-------------------------
Time : 95.84123253822327

35 Dataset
Episode : 300
Hack : 0 True
Rute 0 : [[0, 5], [5, 15], [15, 14], [14, 17], [17, 16], [16, 4], [4, 8], [8, 18], [18, 0]]
Rute 1 : [[0, 19], [19, 20], [20, 3], [3, 1], [1, 2], [2, 24], [24, 0]]
Rute 2 : [[0, 29], [29, 35], [35, 30], [30, 31], [31, 11], [11, 6], [6, 0]]
Rute 3 : [[0, 28], [28, 25], [25, 7], [7, 13], [13, 32], [32, 12], [12, 34], [34, 0]]
Rute 4 : [[0, 23], [23, 27], [27, 22], [22, 9], [9, 10], [10, 21], [21, 26], [26, 0]]
Rute 5 : [[0, 33], [33, 0]]
Total Distace : 65065.0
-------------------------
Time : 397.46376609802246


50 Dataset
Episode : 300
Hack : 0 True
Rute 0 : [[0, 33], [33, 41], [41, 25], [25, 28], [28, 5], [5, 0]]
Rute 1 : [[0, 42], [42, 36], [36, 35], [35, 47], [47, 29], [29, 43], [43, 44], [44, 0]]
Rute 2 : [[0, 49], [49, 16], [16, 17], [17, 4], [4, 39], [39, 15], [15, 0]]
Rute 3 : [[0, 37], [37, 38], [38, 40], [40, 14], [14, 32], [32, 7], [7, 13], [13, 0]]
Rute 4 : [[0, 18], [18, 19], [19, 20], [20, 8], [8, 3], [3, 1], [1, 2], [2, 0]]
Rute 5 : [[0, 46], [46, 45], [45, 30], [30, 31], [31, 11], [11, 0]]
Rute 6 : [[0, 9], [9, 24], [24, 34], [34, 12], [12, 6], [6, 0]]
Rute 7 : [[0, 23], [23, 27], [27, 22], [22, 10], [10, 21], [21, 26], [26, 50], [50, 0]]
Rute 8 : [[0, 48], [48, 0]]
Total Distace : 113291.0
-------------------------
Time : 711.017037153244


