Algoritma MIP - Branch & Cut [CPLEX]
15 Dataset
Rute 0
[[0, 9], [9, 3], [3, 8], [8, 4], [4, 1], [1, 2], [2, 0]] -> 7031.0
Rute 1
[[0, 10], [10, 0]] -> 3271.0
Rute 2
[[0, 12], [12, 5], [5, 15], [15, 14], [14, 7], [7, 13], [13, 6], [6, 11], [11, 0]] -> 10326.0
Total Distace : 20628.0
60.16875505447388

25 Dataset
Rute 0
[[0, 9], [9, 3], [3, 8], [8, 4], [4, 2], [2, 24], [24, 0]] -> 7009.0
Rute 1
[[0, 12], [12, 5], [5, 15], [15, 14], [14, 7], [7, 13], [13, 25], [25, 6], [6, 0]] -> 11536.0
Rute 2
[[0, 16], [16, 17], [17, 18], [18, 19], [19, 20], [20, 1], [1, 0]] -> 9834.0
Rute 3
[[0, 21], [21, 11], [11, 10], [10, 23], [23, 22], [22, 0]] -> 4825.0
Total Distace : 33204.0
60.07027983665466

35 Dataset
Rute 0
[(0, 6), (6, 12), (12, 7), (7, 13), (13, 5), (5, 15), (15, 14), (14, 32), (32, 0)] -> 11160.0
Rute 1
[(0, 9), (9, 3), (3, 8), (8, 18), (18, 19), (19, 20), (20, 4), (4, 0)] -> 8542.0
Rute 2
[(0, 10), (10, 23), (23, 27), (27, 34), (34, 0)] -> 3953.0
Rute 3
[(0, 21), (21, 16), (16, 17), (17, 1), (1, 2), (2, 24), (24, 0)] -> 8030.0
Rute 4
[(0, 26), (26, 28), (28, 33), (33, 25), (25, 22), (22, 0)] -> 12658.0
Rute 5
[(0, 29), (29, 35), (35, 30), (30, 31), (31, 11), (11, 0)] -> 11362.0
Total Distace : 55705.0
60.09687566757202

50 Dataset
Rute 0
[(0, 1), (1, 2), (2, 10), (10, 23), (23, 27), (27, 34), (34, 0)] -> 6528.0
Rute 1
[(0, 9), (9, 3), (3, 8), (8, 18), (18, 19), (19, 20), (20, 0)] -> 8542.0
Rute 2
[(0, 16), (16, 49), (49, 17), (17, 4), (4, 24), (24, 0)] -> 11208.0
Rute 3
[(0, 26), (26, 21), (21, 11), (11, 0)] -> 3419.0
Rute 4
[(0, 28), (28, 12), (12, 7), (7, 13), (13, 6), (6, 22), (22, 0)] -> 8127.0
Rute 5
[(0, 40), (40, 38), (38, 37), (37, 39), (39, 5), (5, 15), (15, 14), (14, 32), (32, 0)] -> 11372.0
Rute 6
[(0, 42), (42, 36), (36, 35), (35, 46), (46, 45), (45, 30), (30, 31), (31, 0)] -> 18019.0
Rute 7
[(0, 43), (43, 44), (44, 47), (47, 29), (29, 48), (48, 0)] -> 15916.0
Rute 8
[(0, 50), (50, 33), (33, 41), (41, 25), (25, 0)] -> 11739.0
Total Distace : 94870.0
60.09837603569031