Sequential Insertion and Clarke Algo
15 Dataset
Rute 1
[0, 9, 3, 8, 4, 5, 15, 14, 1, 0] -> 12260.0
Rute 2
[0, 10, 2, 12, 7, 13, 6, 11, 0] -> 8179.0
0.022001981735229492

25 Dataset
Rute 1
[0, 3, 8, 4, 5, 15, 14, 18, 19, 20, 0] -> 15061.0
Rute 2
[0, 9, 17, 16, 1, 2, 24, 7, 0] -> 12338.0
Rute 3
[0, 10, 23, 12, 13, 25, 6, 22, 0] -> 7765.0
Rute 4
[0, 21, 11, 0] -> 1532.0
0.027005910873413086

35 Dataset
Rute 1
[0, 21, 17, 4, 5, 28, 33, 25, 15, 14, 20, 0] -> 27184.0
Rute 2
[0, 16, 29, 35, 30, 18, 19, 13, 0] -> 24783.0
Rute 3
[0, 2, 23, 12, 7, 32, 6, 27, 34, 0] -> 9057.0
Rute 4
[0, 26, 9, 3, 8, 1, 24, 22, 0] -> 9422.0
Rute 5
[0, 10, 31, 11, 0] -> 6072.0
0.01500391960144043

50 Dataset
Rute 1
[0, 47, 29, 43, 44, 42, 36, 48, 0] -> 28907.0
Rute 2
[0, 40, 5, 28, 50, 33, 41, 25, 15, 0] -> 22643.0
Rute 3
[0, 18, 17, 49, 16, 4, 19, 20, 38, 0] -> 17765.0
Rute 4
[0, 3, 8, 35, 46, 45, 30, 31, 39, 0] -> 21375.0
Rute 5
[0, 21, 9, 37, 14, 1, 2, 24, 0] -> 10963.0
Rute 6
[0, 23, 12, 7, 13, 32, 6, 27, 34, 0] -> 7739.0
Rute 7
[0, 26, 10, 22, 11, 0] -> 5662.0
0.022002458572387695
