Sequential Insertion and Clarke Algo
15 Dataset
Rute 1
[0, 9, 3, 8, 4, 5, 15, 14, 0] -> 9521.0 -> 210
Rute 2
[0, 1, 12, 7, 13, 6, 11, 0] -> 8445.0 -> 224
Rute 3
[0, 10, 2, 0] -> 4475.0 -> 91
22441.0
0.01399993896484375

25 Dataset
Rute 1
[0, 17, 4, 5, 15, 14, 16, 18, 0] -> 16715.0 -> 217
Rute 2
[0, 9, 3, 8, 19, 20, 1, 0] -> 8565.0 -> 233
Rute 3
[0, 23, 22, 25, 12, 7, 13, 6, 0] -> 9293.0 -> 243
Rute 4
[0, 21, 10, 2, 24, 11, 0] -> 4472.0 -> 211
39045.0
0.023001670837402344

35 Dataset
Rute 1
[0, 17, 4, 5, 15, 14, 16, 18, 0] -> 16715.0 -> 217
Rute 2
[0, 12, 7, 28, 33, 25, 13, 0] -> 14839.0 -> 217
Rute 3
[0, 9, 3, 8, 19, 20, 1, 0] -> 8565.0 -> 233
Rute 4
[0, 2, 29, 35, 30, 31, 11, 0] -> 15124.0 -> 206
Rute 5
[0, 24, 23, 32, 6, 27, 34, 0] -> 8196.0 -> 248
Rute 6
[0, 21, 26, 10, 22, 0] -> 5662.0 -> 137
69101.0
0.0370020866394043

50 Dataset
Rute 1
[0, 28, 50, 33, 41, 25, 0] -> 13664.0 -> 249
Rute 2
[0, 29, 43, 44, 42, 36, 48, 0] -> 25285.0 -> 239
Rute 3
[0, 16, 46, 47, 35, 45, 30, 0] -> 17278.0 -> 243
Rute 4
[0, 18, 49, 17, 4, 19, 20, 0] -> 15572.0 -> 224
Rute 5
[0, 3, 40, 37, 5, 39, 15, 14, 38, 0] -> 14688.0 -> 221
Rute 6
[0, 12, 7, 13, 32, 6, 27, 34, 0] -> 7310.0 -> 230
Rute 7
[0, 9, 8, 1, 2, 24, 0] -> 6703.0 -> 219
Rute 8
[0, 26, 10, 31, 11, 23, 22, 0] -> 10979.0 -> 237
Rute 9
[0, 21, 0] -> 1174.0 -> 13
112653.0
0.06600689888000488
